[fondo-top.jpg]
filters=PicnikTint=1,0.000000,ff280026;radblur=1,0.500000,0.500000,0.672515,0.000000;
moddate=2a4bfd7bc452d301
width=1920
height=1080
textactive=0
